wa = -2
hi = 100000
ex = 9
ga = 1.0
fwhm = 4.27478219957
fitt = 4.27478219957
ps = 21.3739109978
analytic = 3
thre = 10
varia = 1
re = 9.2589
low good datum = 50
